0
0
0
0
0
0
0
0
0
0
0
0
0
0
0
0
10053
16753
16766
16574
16576
16724
16603
16631
16686
16511
16395
16890
16939
16790
16779
16857
16774
16622
16795
16705
16683
16876
16916
16829
16761
16627
16829
16927
16819
16629
16725
16988
16685
16512
16718
16719
16764
16773
16752
16779
16584
16725
16709
16852
16975
16640
16723
16800
16702
16670
16870
16595
16579
16351
16789
16620
17137
16784
16519
16765
16773
16916
16841
16765
16713
16629
16802
16894
16641
16925
17000
16879
16702
16820
16578
16749
16876
16945
16717
16656
16745
16932
16602
16949
16788
16692
16671
16766
16728
16765
16879
16945
16603
16662
16766
16910
16668
16703
16777
16861
16561
16523
16649
16832
16622
16820
16637
16699
16743
16652
16856
16729
16751
16747
16828
16752
16738
16726
16812
16691
16710
16692
16679
16885
16828
16814
16842
16979
16938
16768
16934
16748
16958
16729
16813
16905
16938
16923
16684
16756
16786
16851
16677
17007
16884
16820
16816
16892
16797
16902
16786
16700
16869
16837
16753
16792
16871
16961
16888
16713
16986
16726
16736
16730
16878
16853
16741
17205
16868
16774
17064
16870
17064
16902
16916
17000
16945
16966
16904
16827
16833
16918
16909
16918
16932
17036
16880
16862
16895
16891
16888
16652
16713
16855
16849
17152
16744
16782
16993
16775
16763
16838
16828
16850
16825
16915
16795
16996
16862
16814
16747
16737
16866
17132
16835
17048
16950
16856
16793
17011
17043
16834
16846
16972
16890
17024
16869
16828
16790
16878
16559
16782
16657
16749
16435
16679
16515
16373
16072
16091
16193
15884
15839
15674
15765
15837
15959
16358
16495
16493
16645
16659
16541
16691
16573
16666
16877
17063
16709
16941
16748
16888
16591
16724
16786
16844
16824
16762
17094
16980
16770
16868
16794
16640
16951
16836
16850
16820
16558
16751
17023
16959
16789
16676
16773
16888
16697
16700
16623
16618
16584
16256
16090
16254
15970
15700
15666
15846
15737
16060
16299
16405
16652
16562
16753
16490
16733
16929
17037
16847
16738
16942
16687
16962
16810
16991
16862
16908
16822
16801
16743
16770
17064
16914
16763
16996
16991
17082
16878
17047
17102
16968
16872
16866
17053
16875
16968
16885
17068
17046
16874
16715
17037
17085
16866
17037
17012
16984
17022
17151
17132
16791
17173
16874
16962
17071
16949
16861
16818
16801
16788
17087
17271
16930
17017
17094
16950
16701
17009
16959
16969
17220
17170
16960
17126
16903
17137
16928
16819
17310
17068
17006
17108
17166
17039
16989
17087
16859
16770
17099
17053
17243
16895
16957
17156
17158
16906
17083
17189
16942
17109
16928
16909
16962
17137
17023
16947
16993
17146
17046
17142
16852
17236
17483
17235
16922
17135
17200
17092
16970
17017
17110
17186
16999
17205
16931
16735
17140
17137
16987
16907
16896
16807
17092
17189
17077
17370
16895
17220
17199
17120
17088
17238
17162
17145
17104
16984
17024
17063
16991
16939
17033
17270
16962
17279
17137
17128
17164
17149
17190
17168
17400
17116
17018
16986
17344
17108
17099
3603
38
12
19
2
0
0
0
0
0
0
0
0
0
0
0
0
0
0
0
0
0
0
0
0
0
0
0