0
0
0
0
0
0
0
0
0
0
0
0
0
0
0
0
9931
16613
16886
16716
16649
16821
16722
16679
16612
16627
16647
16700
16851
16740
16581
16890
16757
16634
16741
16904
16644
16789
16723
16625
16775
16788
16822
16979
16711
16798
16695
16490
16935
16620
16871
16785
16599
16797
16875
16576
16615
16843
16749
16712
16869
17017
16967
16905
16659
16609
16697
16847
16876
16839
16902
16618
16650
16824
16838
16822
16422
16714
16886
16893
16475
16903
16711
16809
16710
16680
16772
16956
16754
16607
16679
16767
16875
16889
16880
16643
17089
16897
16902
16890
16683
16628
17134
16758
16606
16708
16668
16656
16805
16776
16958
16901
16939
16843
16911
16600
16737
16655
16769
16991
16692
16933
16749
16738
16911
16773
16919
16732
16790
16878
16837
17103
16750
16693
16809
16811
16808
16981
16846
16683
16895
16958
16720
17170
16951
16946
16796
16931
16774
16890
16763
16984
16978
16654
16851
16843
16739
16881
16717
16928
16607
16998
16876
16831
16735
16790
16847
17268
16708
16813
16934
16540
16917
16730
16749
16788
16907
17132
16871
17190
16758
16915
16851
16626
16649
16906
17109
16635
16932
16770
16720
17033
16920
16893
16746
16810
16970
16854
16622
17014
16938
16927
16743
16767
17036
17002
17005
16947
16759
16923
16932
16983
16823
16684
16715
16790
16911
16682
16906
16756
16985
16852
16677
16764
16580
16836
16843
16676
16573
16533
16914
16581
16577
16636
16464
16157
16397
16167
16256
15996
15796
15736
15596
15178
15209
15080
14885
14706
14788
14808
15313
15422
15650
15867
15887
15936
15868
15991
16032
16008
15799
15615
15561
15365
15286
15152
14917
15090
15058
15300
15387
15585
16025
16128
16111
16106
16472
16544
16630
16785
16636
16521
16637
16792
16599
16509
16599
16848
16645
17169
16861
16887
17077
16987
16869
16946
16857
17062
16972
16951
16879
16749
16781
17042
16785
16812
17089
17024
16841
17074
16912
17001
16859
16864
16795
16867
17236
16819
16884
16953
16868
16764
16885
16780
16560
16794
16398
16410
16577
16487
16518
16693
16747
16571
16738
16883
16717
16800
16851
16845
17005
16870
17023
17055
16982
17041
17033
17314
16944
16760
17339
16852
16998
17018
17031
17285
17117
17303
16804
16935
16926
16986
17027
16907
16901
16858
16982
16879
17166
16721
17279
17209
17207
17104
17031
16915
16790
17054
16829
16800
17098
16961
17101
16865
17018
16877
16935
17152
17157
17112
17011
16886
17033
17225
17018
17271
17228
17352
16953
16942
16998
17011
17189
16930
17179
16878
17148
17132
16982
16960
16978
17160
17033
16885
17073
17381
16908
16994
16744
17224
16967
17252
17108
17028
17006
16909
17295
16997
16988
16926
17237
17280
17046
17044
17282
17158
16903
16975
17170
17143
17046
17123
17139
17062
17102
16893
17018
17025
17410
17144
17141
17248
17088
17211
17039
16990
17228
17332
17121
17044
17248
17133
17136
17246
17063
17321
16987
16992
17275
17102
17261
17011
17190
17241
16855
17330
17263
17367
17030
17011
17004
17004
16916
16959
3217
32
18
23
5
0
0
0
0
0
0
0
0
0
0
0
0
0
0
0
0
0
0
0
0
0
0
0