0
0
0
0
0
0
0
0
0
0
0
0
0
0
0
0
25232
40238
40565
40781
40418
40107
40734
40633
40257
40620
40384
40315
40718
40603
40195
40451
40709
40363
40220
40575
40382
40549
40946
40938
40211
40579
40641
40718
40505
40638
40419
40964
40491
40612
40800
40617
40530
40716
40736
40592
40742
40577
40319
40401
40597
40592
40831
40050
40359
40348
40503
40739
40557
40667
40778
40403
40719
40358
40317
40591
40454
40412
40658
40448
40647
40243
40639
40655
40687
40478
40568
40858
40770
40479
40083
40735
40477
40629
40681
40572
40543
40499
40415
40528
40737
40494
40498
40575
40564
40658
40616
40936
40715
40925
40634
40812
40739
40546
40724
40494
40732
40785
40722
40754
40798
40626
40754
40712
41055
40957
40606
40458
40773
40876
40861
40515
40155
40777
40605
40550
40971
40700
40928
40617
40846
40695
40909
40692
41091
40724
40889
40974
40744
40646
40816
41078
40584
40425
40742
40593
40466
41282
41045
41050
41054
41146
40715
40904
40569
40972
40826
40829
40715
40841
41307
41147
40819
41062
40912
40749
41133
40984
40862
40814
40991
40683
40659
40899
40498
40906
40917
41070
40669
41200
40698
40711
40515
41051
40894
40903
40382
40845
40979
40760
40778
41181
40830
40776
41184
40916
41154
41050
41114
40745
41115
40808
41062
41229
40873
40721
40775
40906
40865
40717
40992
40769
41325
40942
40965
40933
41033
41095
40823
40804
40859
41109
41070
40729
40718
40882
41135
41251
40734
40918
40969
41094
40487
40850
40911
40743
41051
40976
40877
41438
40980
41134
41134
40853
41205
40794
40849
40733
41622
40904
40820
40875
40486
41089
41098
40859
40876
41121
40891
40934
40606
40968
41047
41264
41023
40881
41155
40955
40991
40852
40972
41041
41386
41124
40925
40742
41044
40844
40955
40963
40912
41087
41363
41191
41115
40968
40903
40556
41087
41397
40767
41149
40948
40907
41392
40822
41236
40869
40896
40726
40964
40965
41022
41245
40956
41095
40924
41683
41044
41238
41057
40890
40832
41338
40654
40795
41141
41138
41055
41250
41150
41025
40879
41239
41152
41036
41418
41500
40935
40993
41369
41342
41236
41428
41188
40881
40978
41175
41653
40525
41079
40880
41007
41459
40924
41400
41206
41032
41287
41121
41573
40966
41183
40981
41239
41039
41363
41584
40855
40823
40990
41318
41297
41368
41300
41126
41161
41675
41548
40839
41202
40881
40958
41297
41255
41206
41563
41357
41544
40902
40963
41256
41221
41391
41243
41552
40974
41236
41450
41375
41466
41563
41083
40899
41182
41445
41428
41474
41077
41215
41411
41158
41246
41135
41252
41238
41118
41325
41468
41536
41167
41565
41343
41275
41562
41312
41576
41504
41558
41625
40929
41264
41354
41468
41437
41273
40890
41366
41281
40993
41142
41301
41310
41570
41453
41399
41523
41142
41303
41542
41671
41559
41260
41322
40982
41316
41648
41502
41496
41440
41741
41586
41426
41339
41806
41516
41374
41371
41530
41460
41423
41359
41637
41866
41354
41564
41718
41565
41569
41261
41287
41544
41622
41629
7263
82
41
62
2
0
0
0
0
0
0
0
0
0
0
0
0
0
0
0
0
0
0
0
0
0
0
0