0
0
0
0
0
0
0
0
0
0
0
0
0
0
0
0
11391
18175
18291
18384
18463
18089
18302
18158
18344
18335
18048
18263
18331
18273
18354
18206
18239
17993
18337
18244
18420
18239
18266
18423
18077
18218
18192
18386
18253
18385
18277
18204
18380
18123
18242
18123
18271
18039
18289
18216
18204
18382
18331
18541
18168
18244
18354
18405
18277
18504
18275
18503
18263
18429
18286
18384
18174
18408
18192
18265
18660
18571
18373
18249
18494
18578
18450
18245
18486
18469
18434
18669
18301
18287
18444
18197
18416
18318
18440
18258
18320
18396
18538
18138
18253
18109
18206
18241
18242
18599
18244
18206
18328
18308
18552
18317
18224
18487
18350
18274
18165
18284
18300
18181
18320
18357
18469
18542
18230
18149
18368
18239
18409
18556
18243
18522
18349
18310
18602
18022
18522
18158
18715
18192
18301
18209
18142
18265
18329
18472
18309
18339
18191
18258
18518
18398
18319
18133
18473
18467
18564
18218
18362
18396
18404
18372
18433
18464
18291
18563
18536
18470
18292
18648
18422
18311
18414
18306
18571
18490
18562
18341
18168
18258
18433
18485
18417
18338
18621
18482
18320
18260
18550
18205
18475
18299
18697
18426
18446
18058
18495
18469
18523
18330
18291
18528
18517
18411
18350
18369
18423
18212
18244
18323
18346
18398
18688
18263
18617
18399
18327
18469
18439
18339
18301
18558
18503
18430
18187
17900
18233
18128
17908
17792
17816
17457
17422
17246
16666
16714
16453
16631
16685
16850
17082
17166
17716
17690
17705
18239
18195
18183
18035
17973
18148
18101
18198
18061
18174
18273
18515
18215
18450
18436
18395
18238
18490
18676
18343
18247
18365
18622
18289
18461
18301
18384
18536
18415
18544
18597
18556
18073
18464
18266
18560
18543
18599
18482
18346
18586
18445
18681
18311
18531
18396
18680
18399
18503
18267
18622
18751
18512
18604
18506
18439
18525
18518
18226
18329
18504
18470
18520
18404
18365
18535
18469
18395
18569
18443
18478
18572
18584
18551
18535
18414
18557
18480
18360
18334
18100
18236
17977
18151
17841
17640
17631
17223
17189
16778
16647
16543
16713
17044
16928
17422
17566
18081
18004
17932
18156
18552
18041
18518
18372
18439
18428
18322
18441
18367
18370
18646
18543
18452
18499
18368
18651
18394
18451
18534
18729
18581
18692
18476
18474
18460
18717
18514
18615
18493
18650
18412
18685
18708
18604
18658
18615
18657
18650
18481
18309
18776
18666
18750
18547
18444
18655
18547
18384
18479
18401
18340
18721
18493
18633
18473
18494
18621
18527
18516
18351
18729
18732
18832
18456
18796
18602
18565
18663
18499
18700
18629
18508
18522
18629
18499
18535
18590
18592
18801
18719
18802
18544
18775
18677
18524
18505
18581
18476
18833
18934
18822
18635
18699
18658
18812
18654
18503
18811
18871
18763
18647
18519
18627
18686
18803
18661
18760
18650
18599
18641
18531
18703
18653
18743
18587
18599
18987
18610
19043
18822
18836
18737
18764
18698
18819
18651
18720
18790
18763
18574
18692
18745
18860
18672
18567
18818
18745
18919
3115
40
20
30
1
0
0
0
0
0
0
0
0
0
0
0
0
0
0
0
0
0
0
0
0
0
0
0