0
0
0
0
0
0
0
0
0
0
0
0
0
0
0
0
26
42
41
36
42
40
33
33
31
43
32
30
43
42
46
34
34
38
44
33
41
35
33
38
30
31
43
32
34
38
37
41
40
33
39
28
36
24
39
49
27
29
33
36
46
30
35
39
35
41
39
29
25
35
39
33
34
37
39
27
41
32
31
39
33
29
42
33
34
32
46
32
27
29
32
50
33
26
27
39
25
30
42
38
36
41
43
31
37
33
33
40
44
44
36
28
33
35
48
42
37
39
34
36
36
31
37
33
25
24
36
45
29
38
28
43
41
39
38
38
37
33
37
29
22
43
42
26
33
29
41
41
43
25
33
30
31
32
32
36
42
31
35
29
34
31
48
44
34
43
49
33
35
30
43
37
41
35
42
28
45
46
25
36
40
35
52
32
30
17
35
34
37
44
29
34
51
35
34
31
27
40
36
33
40
28
36
38
31
44
31
41
32
42
32
34
42
38
33
30
32
35
31
29
27
43
36
42
36
34
37
34
32
27
32
31
52
35
37
26
40
35
28
33
37
31
26
52
29
32
33
29
35
36
35
29
46
39
38
33
29
26
29
43
40
29
37
26
29
41
43
32
36
45
45
30
18
39
43
42
26
41
45
29
30
29
31
42
42
35
42
27
30
42
30
23
36
34
41
36
41
36
33
32
35
36
39
30
38
39
47
36
22
37
31
35
29
29
40
49
38
32
29
36
41
37
39
36
35
47
34
43
31
26
31
43
30
45
31
42
31
38
33
38
38
41
38
36
36
46
30
47
28
44
43
38
43
35
36
38
34
50
32
39
33
39
42
41
38
33
25
36
31
40
28
30
44
34
34
33
36
44
34
35
30
26
32
32
33
44
37
38
37
41
37
37
38
34
39
33
35
39
40
38
23
26
27
38
35
38
41
34
52
36
32
32
36
36
31
45
38
37
31
39
26
30
44
40
39
32
40
36
33
42
44
46
38
30
43
24
45
39
38
37
47
42
33
35
28
26
33
35
35
38
38
38
43
33
30
49
34
44
35
34
38
28
37
31
41
36
36
40
28
36
46
44
39
38
33
34
38
32
31
31
41
27
34
39
4
0
0
0
0
0
0
0
0
0
0
0
0
0
0
0
0
0
0
0
0
0
0
0
0
0
0
0