0
0
0
0
0
0
0
0
0
0
0
0
0
0
0
1
11679
20327
20148
20218
20292
20147
20198
20168
19991
20394
20257
20469
20205
20367
20272
19927
20232
20170
20081
20254
20110
20205
20329
20433
20164
20160
20652
20403
20052
20505
20116
20367
20152
20331
20341
20220
20461
20201
20259
20217
20458
20304
20038
20194
20075
20309
20290
20091
20371
20275
20487
20453
20290
20431
20108
20151
20185
20477
20243
20141
20282
20353
20186
20320
20404
20344
20362
20447
20306
20455
20265
20106
20218
20233
20100
20097
20460
20262
20191
20142
20087
19992
19979
20310
20473
20163
20077
20356
20513
20191
20310
20128
20341
20100
20148
20301
20102
20261
20375
20174
20278
20343
20141
20502
20250
20221
20295
20306
20212
20285
20268
20484
20431
20110
20180
20283
20317
20339
20119
20250
20148
20224
20453
20420
20371
20265
20342
20542
20189
20434
20249
20425
20238
20425
20327
20468
20187
20332
20145
20576
20557
20194
20210
20376
20197
20322
20387
20583
20447
20242
20191
20281
20496
20230
20159
20301
20216
20347
20378
20303
20088
20283
20051
20426
20395
20475
20537
20329
20196
20131
20185
20298
20506
20390
20243
20236
20502
20392
20248
20372
20092
20196
20387
20163
20251
20500
20296
20341
20284
20251
20379
20203
20316
20350
20477
20417
20257
20085
20099
20589
20473
20105
20402
20377
20164
20074
20225
19986
19916
20064
19800
19992
19796
19931
19893
19725
19652
19395
19230
19028
18800
18209
17878
17776
17310
17119
17020
16644
16715
16725
16823
17044
17384
17952
18031
18495
18626
18983
19033
19613
19370
19668
19804
19977
20156
19917
19965
20080
20000
20068
20410
19929
20015
20299
20087
20140
20569
20322
20586
20287
20400
20495
20395
20563
20229
20142
20392
20502
20396
20326
20300
20641
20063
20255
20265
20484
20373
20676
20181
20249
20379
20351
20546
20622
20498
20531
20211
20675
20432
20293
20518
20513
20509
20313
20197
20227
20368
20286
20313
20346
20675
20236
20326
20399
20537
20191
20373
20222
20214
20475
20526
20460
20494
20579
20448
20341
20394
20474
20289
20442
20794
20662
20365
20633
20609
20687
20646
20474
20525
20545
20322
20675
20612
20799
20403
20356
20487
20516
20589
20484
20303
20622
20316
20373
20386
20673
20632
20557
20221
20395
20399
20499
20439
20827
20338
20688
20661
20457
20558
20513
20593
20633
20404
20639
20637
20470
20456
20813
20583
20533
20481
20662
20650
20359
20462
20473
20697
20477
20636
20697
20528
20661
20549
20543
20435
20414
20442
20487
20666
20392
20598
20732
20527
20881
20396
20706
20419
20739
20873
20579
20587
20640
20690
20785
20621
20763
20748
20673
20754
20455
20490
20658
20640
20642
20746
20784
20909
20445
20556
20608
20723
20721
20763
20569
20613
20654
20733
20772
20709
20752
20797
20682
20805
20505
20665
20672
20595
20732
20832
20822
20641
20441
20512
20737
20765
20723
20959
20573
20504
20682
20776
20624
20673
20621
20763
20608
20665
20908
20638
20552
20476
20893
20727
20830
20779
20675
20951
20653
4883
61
19
28
8
0
0
0
0
0
0
0
0
0
0
0
0
0
0
0
0
0
0
0
0
0
0
0