0
0
0
0
0
0
0
0
0
0
0
0
0
0
0
0
11521
20766
20724
20815
20935
20940
21256
20746
20991
20861
20743
20682
20887
20916
20809
20959
20903
20949
20797
20912
20972
21081
20864
20739
20880
20802
21126
20721
20912
20705
20839
20701
20457
20904
20806
20604
20944
20874
20600
20831
20829
21071
20832
20837
20624
20970
20808
20663
20824
20392
20892
20698
20499
20857
20800
20388
20465
20457
20605
20095
20212
20013
19955
19592
19325
18768
18545
18442
18650
18689
18925
19086
19251
19703
20295
20098
20248
20097
20440
20308
20833
20329
20493
20432
20486
20518
20588
20729
21042
20585
20924
20775
20795
20821
20949
20799
20835
20744
20567
20640
20971
20799
20851
20906
20836
20874
20713
20858
20930
21013
21033
21113
20767
20940
20880
20869
20847
20927
21064
21037
20707
20736
20649
20718
20732
20743
20631
20479
20664
20308
20267
20229
19960
19716
19247
19095
19060
18940
19426
19468
19411
20148
20204
20152
20240
20522
20437
20514
20595
20771
20753
20703
20754
21108
20991
20998
20923
20919
20843
20695
21064
20701
20984
20826
21128
20824
20876
20797
20993
20901
20990
20996
20872
20700
20944
20832
21019
20874
20825
21109
20689
21071
20953
20890
20860
21228
20911
21080
20952
20899
20745
21013
21121
20900
21113
20810
21073
20833
20765
20889
20136
20361
20414
19841
19948
19884
19658
20043
20013
20305
20448
20639
20776
20912
20942
20882
20873
20989
21130
20947
21033
20953
21022
20931
21050
20891
20699
21123
21183
20937
20827
20895
21240
21015
21031
20898
20884
21015
20920
20954
20920
20941
20989
20924
21123
20934
20575
20936
20914
20796
20839
20503
20614
20354
20357
20123
20042
19708
19750
20125
20011
20046
20671
20714
20823
20748
20899
21055
21008
21102
21017
20894
21221
20932
20833
21344
20998
21038
21318
20755
21061
21151
20972
21179
20978
20771
20987
21038
21050
20867
21218
21369
21149
21022
20817
21150
21165
21111
21210
20883
21019
20720
21155
20881
20938
20921
20916
21116
21011
21228
20908
21057
20913
21015
20731
20813
20773
20672
20934
21072
20446
20066
20033
19721
19405
19360
18994
19209
19268
19732
19855
19896
20439
20459
20608
20768
21243
20773
20887
21050
20948
20885
20982
20968
21128
21182
20823
20899
21186
21237
21036
21244
20989
21049
21090
21288
20930
21231
20941
20939
21174
21215
21388
21026
21183
20944
20983
21209
20889
21288
20982
21284
20944
21117
21045
21189
20943
21150
20760
20792
20744
21008
20639
20600
20931
20738
20696
20575
20392
20134
20435
19632
19615
19233
18965
18833
18781
18909
18931
19856
19934
20028
20531
20413
20875
20912
20891
20922
20861
21220
21172
21232
20978
21042
21271
21057
21221
21280
21260
21205
21130
20904
21085
21187
21074
21200
21169
21462
21124
21260
21264
21541
21394
21461
21393
20959
21146
21295
21394
21481
21324
21004
21440
21194
21081
21248
21358
21229
21512
21340
21267
21373
21506
21218
21324
21458
21291
21537
21209
21344
21359
21154
21256
21259
21373
21338
21403
21399
5432
51
18
26
9
0
0
0
0
0
0
0
0
0
0
0
0
0
0
0
0
0
0
0
0
0
0
0