0
0
0
0
0
0
0
0
0
0
0
0
0
0
0
0
10714
18371
18619
18607
18745
18711
18547
18541
18575
18491
18737
18682
18831
18546
18769
18648
18728
18783
18602
18720
18730
18609
18933
18650
18712
18667
18762
18736
18580
18625
18859
18825
18568
18562
18700
18798
18716
18554
18592
18927
18803
18750
18692
18858
18832
18850
18804
18654
18740
18731
18822
18806
18720
18778
19037
18592
18891
18921
18712
18778
18771
18842
18770
18918
18724
18372
18556
18640
18835
18651
18698
18774
18884
18890
18547
18589
18629
18652
18763
18361
18744
18734
18599
18604
18741
18631
18451
18549
18502
18606
18345
18338
18175
17925
17925
17717
17603
17193
17020
17007
17203
17448
17691
18196
18209
18435
18263
18400
18383
18384
18675
18601
18628
18595
18612
18503
18940
18696
18777
18700
18814
18762
18762
18739
18903
19070
18830
18953
19010
18841
18809
18756
18748
18680
18902
18950
19035
18969
18646
18854
18942
18827
18621
18990
18617
18833
18763
18708
18742
18776
18914
18896
18922
19061
18817
18687
18734
18760
18666
18940
18728
18959
18926
18691
18874
18897
18827
19087
18886
18973
18963
18875
18895
18770
18823
18684
18739
18772
18750
19012
19135
18948
18816
18906
19046
19258
18855
18915
18925
18702
18691
18851
18564
18737
18658
18691
18665
18660
18646
18753
18556
18148
18132
18072
17715
17850
17999
17774
18045
18432
18396
18660
18963
18388
19010
18684
18890
18745
18817
18971
18776
18783
18886
18830
18930
18846
18874
18664
18820
18994
18888
18783
19012
19042
19121
19001
19015
19139
18782
18756
18943
18943
18842
19153
18763
18738
18854
19067
18877
18933
19090
18982
18804
18791
18944
19072
18870
18819
19128
19030
19060
18980
19052
19043
18709
18977
19035
18804
18734
18862
18897
18926
19044
18847
19018
18821
18682
18642
18721
18404
18608
18788
18436
18079
17817
17770
17810
17957
18157
18036
18592
18638
18599
18902
19025
18641
18791
18747
18933
19031
18880
18992
18899
18908
18944
18753
19029
18948
18929
18665
19177
18765
18794
18957
19100
19041
18893
19185
19201
18905
18891
19117
18763
18798
18887
19185
18880
18878
19124
18938
19020
18976
19028
18961
18731
18943
18841
19022
18848
18938
18955
19025
19168
19052
18992
18984
18992
19123
19018
18767
19077
19190
19043
19151
19131
19081
18969
18972
19129
19048
18988
19056
19316
18977
18915
19040
19224
19006
18978
19200
19041
19143
19097
19071
18849
18890
19114
19067
18928
18932
18634
18926
18624
18817
18703
19084
18384
18720
18350
18449
18110
17811
17548
17405
17303
17461
17452
17502
18056
18234
18054
18545
18875
18688
18905
18756
19050
19063
19086
19017
19016
19084
18990
18908
18934
18911
19118
18837
19036
19161
19157
19025
19268
19066
19121
19110
19107
18964
19109
19062
19107
19037
19224
18924
18918
19148
19307
19142
19167
19193
19168
18992
19291
19105
19303
19130
19127
19106
19110
19156
19292
18948
19412
19063
19143
19225
19137
18940
19039
18997
19135
19354
19285
19031
19165
19118
19261
19126
4267
46
16
31
3
0
0
0
0
0
0
0
0
0
0
0
0
0
0
0
0
0
0
0
0
0
0
0