0
0
0
6
1090
22031
39304
40780
42596
43128
43606
43722
43514
42820
41296
39523
37639
36256
34765
33856
33518
33072
33078
33234
34394
35342
36980
39258
41611
45122
48601
52623
56741
60852
64961
69449
72449
74976
77606
78964
79451
79384
78215
77029
75262
73146
70597
68498
66207
63855
62740
61572
60595
60215
60226
60164
60572
60689
61191
61372
61685
61527
61518
61381
61009
59935
59052
57812
57179
55556
54316
52895
50778
49670
48246
46370
45502
43711
42183
40942
39858
38298
37465
36974
36066
35034
34332
33684
33507
32774
32677
31882
31817
31486
31243
31102
30891
30863
30630
30820
30638
30518
30393
30838
30826
31182
31161
30937
31398
31183
31595
31767
31835
31983
32104
32069
32755
32405
32722
32902
33016
33353
33334
33693
34047
34534
34578
34967
35025
35588
35873
35831
36595
36625
37130
36727
37199
37638
38048
38325
38579
39284
39024
39621
40135
40252
40435
41425
41546
41756
42378
42673
42836
43126
44232
44176
44716
45489
46079
46178
47084
47344
48142
48590
48709
49549
50515
50859
51029
51549
52526
52713
53508
53749
54649
54886
55470
55961
56170
56706
57400
57792
58310
58474
59246
59840
60579
60452
61307
61046
62161
62758
63539
64279
64534
64686
65703
66019
66702
67380
68017
69586
70247
70326
70880
71809
72851
73365
73435
74270
75794
76010
76614
76928
78237
79235
79423
79637
80457
81455
81776
82047
82189
83147
83570
83964
84595
84871
85466
85987
86136
86662
86992
87435
87634
88181
88467
89431
89389
90091
90826
91265
91364
92080
92732
93551
94118
94794
95352
96866
97096
98657
99090
99879
102150
102764
104507
105304
105942
106838
108701
110207
111426
112777
113438
114767
115861
117358
118399
119764
120923
121854
122856
123189
123607
124392
124250
125381
125022
125304
125668
125683
125843
124223
124813
124067
123675
122905
122036
121410
120014
118183
117673
116908
115700
113840
112204
110593
110146
108285
106558
104387
103828
101542
99960
98712
97225
95824
94315
92826
91561
89532
87917
86626
85566
83941
82884
81918
80488
79409
78968
77681
76936
75617
75210
75052
74149
73013
72867
72262
71985
71614
71451
72104
71578
71861
72122
71959
73286
73998
74263
74508
75478
76361
77084
78270
79176
80578
81633
82971
83775
85499
86894
87699
89350
90961
92184
94149
95243
96872
98393
99640
100342
102105
103500
104476
105280
107067
107052
107747
109045
108987
109663
109702
110001
109459
109809
109801
109682
108596
107983
107537
105718
105239
104239
102903
101500
100076
98296
96329
95382
93354
90807
89401
86697
84800
82893
80446
78410
76490
74003
72240
70017
67264
65855
63456
61309
58674
56760
55010
52695
50269
48814
46797
45393
43638
41339
39797
37910
36937
35058
33613
32560
31020
29512
28584
27315
25820
24689
23558
22576
21772
20783
19480
18726
17958
17181
16187
15824
14861
14058
13353
12850
12461
11574
11134
10797
10314
9510
9226
8776
8253
7934
7625
7006
6862
6495
6010
5757
5595
5353
5120
4706
4530
4366
3966
3823
3665
3445
3241
3041
2962
2691
2604
2540
2383
2303
2216
2050
2011
2005
1935
1974
1975
2051
2206
2418
2582
2963
3092
3336
3731
3832
4147
4438
4658
4844
5042
4577
3956
3713
3523
3409
3439
2963
2745
2870
3912
4563
4883
1720
129