0
0
0
7
1044
19265
33931
34255
34706
34230
34580
34616
34034
33421
33017
32420
31680
31063
30943
30490
30778
30823
31232
31902
32149
33674
35345
37026
39169
42552
45000
48711
52510
56112
58955
63272
65995
68681
70443
71649
72774
72041
70637
69791
67917
66556
64301
62226
60235
58840
57342
56480
55269
55448
55545
55500
55698
56087
56728
56367
57162
57520
57717
57067
57208
56600
55904
55199
54275
52708
52104
51409
49386
48125
46876
46067
44160
43146
41927
40338
39851
38492
37845
36753
36263
35638
35121
34308
33601
33106
32762
32613
31920
31566
31552
31223
31133
31254
31405
31027
31277
31043
31001
31207
31242
31395
31285
31515
31526
31754
31935
31947
32283
32278
32549
32852
32882
33242
32887
33244
33442
33858
33774
34109
34457
34725
35001
35476
35094
35632
36331
36747
36711
36698
37310
37636
37744
38529
38531
38859
39193
39867
39761
40448
39985
40642
41416
41630
41945
42071
42801
43562
43402
44350
44736
45342
45450
45974
46631
46873
47637
48438
48425
48962
49488
50118
50530
51293
51495
52562
53378
53769
54063
54704
55017
55490
55970
56538
56927
57224
57537
58470
58844
59328
59590
60248
60540
61785
62038
62497
63014
63958
63965
64858
65265
65385
67218
67010
67826
68673
69044
69654
70586
71006
72159
73005
73120
73740
74907
76039
76455
77081
77731
78859
78607
79818
80206
81547
81362
81716
82955
83379
83050
84288
84876
85000
85044
85159
86971
86662
87418
88105
87891
88841
88510
88880
89445
90369
90335
91017
91239
91252
92863
93125
93981
94900
95465
95875
96762
98344
98352
100196
100723
101215
102988
104179
105189
105858
107537
108491
109975
110857
112462
114267
115521
115813
117702
118749
119502
120463
121899
122118
123512
124693
125206
126075
126583
126353
127087
127123
127169
126356
127123
126553
126753
125648
124969
124282
123611
122649
122187
120769
119561
118062
116494
115272
114204
112613
111196
109133
108104
106592
105114
103275
101503
98956
98023
96920
95666
93715
91725
90688
89731
87336
86302
85075
83780
82963
81778
80883
79354
78285
77973
76758
75794
74737
74397
73851
72940
73380
72978
72575
72681
72628
73053
72276
73541
73260
73627
74233
74686
75408
76298
76794
77718
79011
80121
80721
82267
83372
84913
86420
87314
89701
90138
91581
93422
94934
96365
98115
99242
101206
101853
103282
103900
105594
106560
108171
108271
109242
109688
110068
111188
110927
111176
111776
111382
110875
111044
110465
109480
108934
107777
106318
105735
104036
102723
100446
99067
98076
96184
94158
92278
90579
88145
85801
84649
82265
79053
77606
75271
73476
71189
68410
66546
64091
62141
59963
57667
55812
53453
51450
49864
47650
45583
44102
42248
40438
38903
37462
35649
34100
32875
31151
30169
28709
27592
26279
25025
24201
22819
21801
20735
19929
19134
18232
17379
16678
15784
15089
14428
13615
13008
12707
11858
11379
10764
10477
9803
9583
8940
8526
8213
7682
7289
6918
6466
6413
5990
5703
5313
5069
4920
4627
4417
4103
3932
3703
3428
3259
3049
3019
2783
2649
2571
2293
2350
2211
2072
2051
2048
1947
1985
2012
2041
2164
2414
2598
2916
3186
3337
3605
3882
4097
4343
4646
4798
4862
4521
3918
3646
3547
3375
3313
3080
2695
2773
3933
4598
4741
1702
164