0
0
1
5
1127
33594
64626
71482
78106
83794
86136
86955
85135
81760
76632
70247
63898
57223
51849
47410
43716
41080
39866
38573
39161
40324
42435
45517
49212
52770
58351
63794
70142
75757
81651
86927
91795
95659
98812
99433
100454
100157
98219
95616
91866
88342
84147
79915
75545
72169
69162
66569
65291
63360
62429
61141
61525
60518
60818
60609
60814
60354
59999
59577
59014
58242
57450
56294
54801
53796
52652
50870
49739
47904
46441
45028
43560
41790
40989
39918
38409
37483
36609
35553
35042
34195
33117
32725
32257
31725
31435
31042
30619
30421
30310
29738
29702
29491
29937
29730
30205
29612
29646
29886
29793
29747
30028
30261
30034
30225
30771
30598
31150
31238
31119
31106
31609
31386
31916
31851
32374
32527
32674
32726
32978
33308
33496
33610
34013
34349
34507
34833
35382
35532
35285
35893
36366
36399
36736
37302
37319
37673
37840
38660
38697
39402
39245
39773
40317
40478
40611
41268
41661
42309
42581
42885
43667
43955
44358
44821
45526
46065
46226
46864
48081
47899
48631
48884
49637
50276
50309
51279
51613
52022
52448
53140
53479
54304
54057
55055
55239
55955
56513
56261
57076
58052
58528
58506
59029
60026
60469
60450
61145
62133
62422
63164
63586
64324
64698
65459
66518
66709
67830
68095
69021
69610
70040
71204
71597
72208
73113
73509
74658
74821
75513
76308
76602
77353
78405
78542
79416
78992
80020
80297
80725
81036
81884
82129
82144
82889
83151
83539
84382
84452
85372
85101
85095
86314
86827
87230
87397
87738
88616
89407
90248
90057
91259
91782
92026
92958
94599
95239
95737
97280
98123
100141
100937
101893
102600
103335
105263
106327
107417
109098
109811
111335
112721
113481
114674
115983
116085
117409
118401
119380
119694
120623
121310
120880
120535
121603
121224
120971
120604
121406
119953
119321
119891
118391
117864
116975
115572
114918
113379
112393
112219
110312
108556
107382
106245
104870
102685
101426
99712
98257
96854
95685
93972
92564
90589
89365
88023
86604
84640
84473
82498
81708
80495
78928
78475
76925
75912
74875
74690
73323
72873
71999
71224
71522
70627
70178
69788
70158
70118
69685
69563
69432
69798
70297
70243
71008
71662
72036
72856
74061
75145
75682
77004
77813
78693
80099
81067
82021
83792
85265
86792
88094
89534
90509
92638
93972
94998
96182
97411
98730
99523
100566
101903
102757
103698
104720
104929
105725
106105
106241
106899
107077
106732
106264
105303
105427
104596
104608
102234
102155
100326
99555
98013
96641
94596
93388
91431
90061
88336
86211
84356
82287
80384
78383
76089
73582
71756
69249
67631
65528
63116
60848
58813
57217
54995
52864
51307
49919
47437
45617
43983
41832
40355
38725
36750
35733
34103
32485
31093
29819
28290
27617
26210
25385
23954
22824
21853
21042
19948
18947
18031
17448
16637
15877
15175
14402
13789
13120
12394
11977
11268
10770
10397
9911
9462
8986
8516
8189
7694
7426
6855
6653
6351
6027
5755
5459
4973
4729
4661
4431
4183
3900
3680
3521
3309
3197
3079
2747
2715
2465
2438
2385
2267
2085
2026
1973
1870
1922
1951
1837
2077
2115
2411
2615
2782
3049
3250
3482
3816
4042
4235
4532
4778
4769
4315
3819
3541
3419
3322
3262
2853
2684
2760
3722
4476
4705
1711
132