0
0
0
13
1012
20218
34698
34943
35489
35524
35426
34905
35181
34633
33711
33309
32719
32233
31991
31639
31804
32024
32712
33185
34241
36328
38088
40758
43916
47157
50467
55238
59717
64169
68536
72458
76230
78384
80292
82851
82496
81731
81331
78845
76197
73804
71179
68189
65499
63424
61945
60733
59121
59132
59016
58836
58563
59091
59497
59287
59529
59389
59623
59109
58972
57959
57232
56274
55520
53731
51978
51404
49664
48185
46662
45569
44125
42857
41739
40331
39262
38569
37189
36442
35410
34786
34267
33519
33266
33051
32403
32055
31865
31500
30811
31318
30969
30980
30885
31128
31142
30688
31255
31305
30914
31367
31526
31650
31330
31716
31850
31891
32110
32499
32926
32578
32777
33022
33428
33299
33394
34115
34343
34498
34679
35016
35202
35511
35915
36031
36118
36672
36623
37231
37250
37661
37935
38425
38845
39241
39346
39720
40046
40289
40598
41275
41551
41637
42510
42228
43405
43033
43823
44693
44892
45449
45991
46151
46503
47482
47738
48395
49166
49825
50088
50430
51615
51458
52271
52493
53386
53843
54313
54939
55296
55652
56329
56840
57242
57437
58303
58641
59943
59606
60439
60699
61308
61898
61817
62920
63089
63957
64301
65001
65858
66268
67554
68003
68472
69044
69622
70591
71104
71946
72556
73258
73522
74703
75664
75892
77308
77797
78439
79081
79999
80463
81059
80776
82577
82763
82892
84033
84158
84724
85444
85455
85605
85855
86629
87513
87592
88031
87783
88548
89408
89767
90181
89939
90472
91486
91997
92534
92976
94271
94305
95220
96354
96838
97810
98253
99639
100990
101911
103645
104283
105833
106039
107084
108832
110012
111023
112519
114089
115398
116716
117705
118869
120423
120852
122448
123159
123651
123975
124826
126487
125566
126504
126308
126551
126336
126274
126219
125758
125889
124701
124130
123548
122411
121672
120484
119358
118530
116929
115402
113836
112838
111513
109323
108340
106458
105192
103256
101948
100080
98655
97508
95691
93757
92171
90769
89434
87594
86473
84976
83660
82661
81774
80541
79775
78369
77066
76460
75917
75369
74351
73606
73573
73335
72774
72658
72408
71783
72265
72161
72585
73163
73594
73738
74616
74980
75881
76820
77962
79095
79863
81020
82104
83259
84351
86184
87249
88997
89811
92147
92869
94764
95854
97163
98765
100048
101717
103051
104215
105101
106679
107417
107935
108993
109942
109761
110621
111095
110383
111265
110832
110680
110493
109773
108675
107798
107237
106480
104793
103526
102233
100013
98860
97001
95412
93264
91548
89107
87592
85578
83139
81550
78867
76626
74592
72118
70054
67728
65285
62898
61005
59225
57109
54540
52588
50600
48799
46810
45383
42955
41638
39795
38257
36707
35102
33628
32005
30587
29499
28257
26546
25374
24232
23672
22247
21141
20385
19423
18569
17703
17132
15996
15335
14494
14092
13345
12499
12110
11546
11055
10511
10082
9586
9103
8514
8219
7798
7385
7104
6874
6456
6187
5805
5576
5379
4975
4782
4657
4376
4164
3974
3687
3526
3201
3135
2957
2841
2635
2604
2452
2438
2278
2216
2160
2022
1914
1867
1882
1948
1948
2031
2210
2318
2610
2932
3016
3343
3388
3785
3969
4132
4438
4693
4594
4288
3774
3560
3439
3401
3327
3072
2688
2776
3965
4457
4835
1833
128