0
0
0
15
1110
27197
51240
54697
58798
61538
62857
64188
62712
60457
57222
54035
50030
46371
43050
39771
38426
36574
35535
35545
36117
37680
39373
41621
45001
48482
52581
56969
61784
66876
71528
76267
80194
83158
86036
87607
88248
87468
86527
84246
81346
78956
75346
72099
69522
66688
64247
62291
61159
60092
59387
59286
59144
58946
59249
59446
59379
59448
59178
58928
58125
58014
57243
56111
55157
53589
52307
50988
49146
48195
46327
45205
43831
42484
41500
40337
39342
37769
37098
35973
34894
34563
34230
32896
33008
32066
32224
31358
31389
30720
31161
30948
30698
30528
30362
30140
30292
30253
30404
30655
30377
30673
30378
30696
30995
31208
31182
31513
31484
31835
31812
31772
31994
32288
32707
32560
32906
33056
33180
33205
33998
34284
34317
34555
34798
35019
35748
35410
35575
36007
36440
36927
37019
37515
37893
38206
38690
38506
39173
39423
39158
40065
40552
40720
40505
41152
42254
42384
42850
43334
43745
44119
44480
45037
45262
46176
46655
47026
47671
48080
48450
48860
49437
49788
50753
51132
51840
52156
52480
53488
53838
54216
54477
55410
55651
56298
56724
57149
57509
58015
58907
58934
59545
60272
60268
61113
61752
62166
62269
63490
63555
64389
64923
65369
66267
66821
67671
68737
68719
70060
70197
71187
71721
72685
73430
73673
74824
75046
76289
77150
76997
77967
78452
78428
79437
79867
80357
81089
81895
82197
82886
83174
83937
84169
84386
84893
84994
85297
85790
85673
87057
87337
87530
87642
87881
88606
89179
90078
90417
90991
91472
92296
93022
93805
94598
95412
96258
97242
97959
99240
100218
100944
102471
103506
104888
106081
107180
108826
109550
111079
112373
113330
114727
115917
117380
118180
119181
119786
119722
121430
122268
122194
123313
123397
123722
124178
124201
124288
123418
123401
122746
123321
121954
121335
120485
119379
118541
117416
116827
115128
113637
112600
110782
109339
108080
106757
105531
103450
101823
100636
98775
97078
96117
94364
92981
91074
89463
88106
87101
85632
84270
82730
81782
80510
79778
78564
77502
76486
75384
74588
74178
73184
72463
72357
71552
70982
71046
70705
70715
71139
71355
71178
71239
71224
71812
72700
73242
73693
74341
75163
76131
77269
78070
79495
80328
82150
83046
85081
85603
87888
87855
89607
91400
92610
94154
95594
96590
98018
99776
100414
102105
103325
104442
104997
105980
106967
106782
107178
108015
109453
109038
108178
108233
107818
107658
107471
106614
105669
105441
103851
102584
100671
100460
98334
97585
94918
93795
92358
89966
88393
86177
83989
81805
79417
77650
74919
72938
70661
68488
66579
64076
62024
59642
57857
56530
53676
51732
50304
48365
46379
44443
42775
40897
39749
37782
36003
34783
33219
32033
30155
29140
27704
26614
25160
24198
23158
22373
21265
20111
19243
18151
17691
16730
16009
15093
14622
14000
13030
12610
12105
11510
10837
10497
10109
9555
8911
8549
8077
7638
7496
7137
6723
6411
6117
5689
5635
5206
4782
4640
4420
4133
3996
3795
3560
3324
3218
3043
2789
2715
2536
2377
2266
2245
2108
2084
2031
1958
1907
1868
2014
2003
2162
2358
2636
2779
3065
3210
3685
3709
4038
4289
4600
4758
4726
4411
3896
3648
3492
3411
3291
2942
2670
2861
3809
4441
4825
1738
132