0
0
0
0
0
161
349
357
332
327
298
252
214
209
148
160
144
130
143
137
108
114
156
125
116
128
128
113
129
108
117
101
102
105
105
100
91
99
93
77
90
95
110
107
96
103
127
123
128
103
140
120
141
130
150
167
174
157
142
159
161
184
157
190
181
158
186
174
176
174
190
178
150
195
207
186
191
198
175
188
175
190
175
196
207
203
198
218
203
227
216
232
243
233
236
238
220
249
270
263
252
258
238
260
275
289
292
276
319
303
295
312
330
328
330
397
379
369
359
376
365
349
354
343
362
357
349
364
364
349
343
345
366
343
349
328
373
363
366
368
374
391
378
337
341
357
363
388
361
400
390
405
403
445
450
435
419
393
392
430
412
400
391
432
401
436
409
411
436
414
388
419
421
426
420
436
447
404
437
454
432
483
461
443
457
466
496
460
518
473
505
533
482
475
552
509
537
529
549
522
507
515
557
507
497
558
529
527
533
513
522
531
494
517
505
449
486
469
495
479
446
483
463
412
430
448
426
429
421
437
397
391
367
368
364
346
361
353
343
317
314
290
307
278
295
264
231
234
222
232
206
193
166
174
141
164
131
137
119
137
132
100
101
101
96
78
93
75
60
85
60
56
56
56
35
39
42
42
34
39
29
34
27
43
22
30
34
30
24
27
36
29
21
39
27
20
19
21
29
16
20
23
22
20
28
21
18
16
16
21
22
29
24
23
14
18
14
20
13
21
13
21
21
20
8
18
25
22
21
22
22
31
15
16
19
24
30
25
17
27
25
18
14
19
17
22
23
24
23
17
23
16
20
17
18
9
12
6
14
24
15
12
21
15
13
16
16
17
18
19
15
16
15
16
13
18
17
14
12
16
12
16
13
14
16
16
15
9
11
22
11
13
8
13
16
17
20
18
10
12
13
11
13
13
12
16
13
11
13
10
11
12
14
14
10
22
19
14
17
14
17
13
21
11
6
20
4
11
11
14
9
14
11
12
10
10
8
12
10
9
7
10
10
13
10
10
12
8
13
10
9
10
13
14
12
17
8
6
8
12
10
13
11
11
11
11
7
11
15
10
10
5
7
11
5
5
7
9
8
3
7
2
1
4
3
3
2
0
0
5
3
2
0
2
0
1
0
1
1
0
0
1
0
0
0
0
0
0
0
0
0
0