0
0
0
2
1415
67050
135671
157273
177674
192205
201565
204115
198050
186438
171202
152679
134128
115739
100016
87435
77307
70058
66107
65527
67120
71064
77845
86412
97325
110531
124734
140963
157780
174487
191153
205625
218265
227993
235507
238583
238450
234946
226331
217385
205062
190664
176017
161842
147067
133965
120939
110215
100796
93340
87098
81856
77901
74323
72313
69414
67419
66315
64442
63234
61807
60003
58624
56634
54811
53423
51070
48941
47264
44870
43143
41647
39746
38185
37079
35794
34198
32974
32199
31186
30454
29814
29181
28440
27605
27558
27479
26805
26316
26043
26025
25715
25357
25548
25763
25500
25691
25495
25293
25406
25457
25497
25311
25837
25924
25755
25696
25756
26377
26528
26188
26518
26738
26934
26852
27166
27335
27452
27815
27899
27847
28135
28526
28756
28660
28843
29275
29428
29834
29888
30186
30217
30384
30761
31176
31679
31945
31628
32178
32504
32726
32482
33202
33788
34312
34139
34519
34892
35269
35783
36085
36596
36995
36905
37567
38208
38629
38880
39670
39543
40098
40759
40653
41137
41891
42138
42658
43220
43841
44193
44702
44744
45133
45498
45957
46385
46671
47620
47610
47871
48211
48682
49215
49458
49971
50698
51088
51410
51922
52163
52790
53007
54351
54218
54355
55206
55748
56297
56692
57352
58116
58316
58878
59550
59647
61145
61454
62311
62851
63638
63540
64211
64504
64961
65652
66066
66317
66609
67995
67616
68624
68193
68676
69388
69770
70249
70514
70373
70102
71189
71767
71514
72656
72717
73071
73398
73844
73957
74023
74939
75188
76094
76317
77243
77899
78731
79071
80571
81249
82196
82641
83736
84409
85393
86305
87727
88405
89585
90790
92053
92796
93558
93809
95545
96708
97379
98381
98669
99392
99833
100470
100946
100771
101887
101901
101891
102171
101860
101325
101786
100601
100717
100094
99309
98903
97649
97150
96601
96140
94526
93799
92692
90858
90219
88936
87214
86595
85222
83833
82322
81198
79704
79223
77688
76692
75092
73832
72635
71529
70716
69842
68381
67592
66436
65242
64504
63732
63113
62459
61783
61459
60500
60247
59238
59621
58818
58713
58892
58566
58486
58586
58642
59132
59239
59337
59836
60290
61012
61866
62117
63262
63902
64846
66046
66862
67286
68631
69670
71011
71828
72824
74543
75263
76588
77331
78239
80038
81149
82008
83001
84149
84544
86001
86559
87362
87744
88599
88577
88839
89647
88987
88677
88604
88853
87812
88224
87509
86305
85580
85471
84220
83619
81652
80570
79319
77844
76734
74975
73223
72005
70626
68719
67525
65325
63657
61364
60091
58146
55954
54924
52646
50890
49045
47535
45813
44227
42591
41261
39593
38075
36833
35263
33650
32378
31366
29776
28456
27447
26112
25071
23855
22716
22086
21079
20110
19355
18285
17795
16635
16335
15342
14637
13990
13178
12743
12334
11866
11087
10425
10090
9623
9151
8734
8358
7923
7682
7265
6718
6593
6336
6026
5578
5442
5216
4869
4727
4458
4207
3977
3871
3618
3571
3252
3176
2856
2780
2596
2573
2401
2287
2211
2075
2007
1973
1814
1823
1693
1683
1689
1760
1760
1848
2057
2214
2462
2631
2791
2965
3172
3359
3564
3859
3987
4022
3619
3264
3062
2914
2779
2741
2500
2251
2356
3213
3685
3946
1435
115