0
0
0
7
1003
18412
32841
32522
32103
32205
31939
31706
31305
31006
30726
30168
29977
29827
29235
29128
28979
28847
29266
29500
30069
30962
31956
32900
34521
36277
38328
40183
42297
44865
46962
49357
51456
53273
54240
56155
56506
56294
56195
55771
55319
54761
53687
53401
52725
52332
52080
52053
52525
52928
53618
54768
54923
56040
56810
57638
58217
58140
57918
58389
57825
57626
57202
55734
54843
54135
52623
51314
50435
48929
47460
46207
45066
43344
42548
41320
40234
39107
38208
37496
36436
35883
34828
34668
34084
33408
32826
32649
32240
31858
31855
31709
31864
31718
31342
31453
31561
31323
31569
31611
31774
31539
32127
32014
32303
32016
32261
32380
32306
32683
32668
33035
33291
33473
33520
33585
33976
34358
34588
34764
34615
35203
35231
35388
35961
36482
36510
36873
37104
37371
37477
37888
38355
38669
38978
39189
39426
40103
40205
40381
41036
40823
41585
42056
42328
42841
43383
43792
44280
44408
45144
45127
46304
46655
46782
47134
48164
48516
49453
49628
50175
51197
51422
51658
52567
52902
53988
54213
54851
55072
55474
55938
56606
57177
57762
58654
58839
59226
59820
60175
60779
61022
61612
62300
62525
63526
64252
64718
64432
65380
66262
66604
67339
68439
68683
69691
70311
70283
71157
72009
72786
73631
74418
75047
76045
77145
76832
77926
78155
79570
80218
80682
81391
81629
81991
83193
83748
84634
85051
85380
85857
86144
86629
87160
87523
88246
88847
88722
89674
89648
90131
90204
91056
91430
92124
92674
93162
93437
94042
94638
95249
95472
96206
97363
98013
98765
99744
101186
102360
102513
103615
105417
106697
107380
108710
110097
110905
112973
114084
115672
116389
117768
119117
120407
120925
122462
124082
124289
125927
126023
127218
127965
127903
128098
127788
128758
128430
128332
128421
128678
127524
127059
126627
125488
125485
124199
122894
122094
120239
119161
118534
116184
114850
113941
112404
110624
108939
107303
105346
104312
102457
100908
99137
97897
96453
94514
93116
92281
89690
89329
87343
85986
84667
83660
82516
81361
80702
78961
78017
77601
77156
75952
75433
75050
74071
74043
74354
73456
73205
73541
73964
73723
73179
74556
74803
75274
75472
76219
77317
78549
79131
79798
80799
82155
84302
85015
86352
87421
88695
90683
91984
92974
94800
96178
98235
98993
101271
102330
103751
104449
106059
107208
108341
109467
110303
110709
112088
111899
112731
112804
112806
112869
113368
112271
111936
111196
110367
110185
109292
107397
106547
104893
103768
102594
100954
99200
97846
95316
92774
90980
88907
86623
84713
82726
79781
78176
75158
73431
70906
68996
66623
64595
62306
60418
58170
56112
53647
51713
49694
47989
46056
44022
42394
40882
39098
37475
36193
34271
32916
31782
30132
28848
27376
26328
25435
24276
22610
21912
20836
19950
19018
18173
17265
16697
15766
14925
14248
13698
12938
12236
11692
11406
10840
10289
9912
9419
8883
8372
8060
7820
7322
6961
6561
6323
5980
5799
5464
5013
4796
4624
4367
4095
4007
3606
3613
3379
3127
3009
2846
2721
2592
2450
2451
2171
2196
2132
2033
1978
2002
1963
2175
2267
2513
2685
2928
3228
3470
3720
3930
4265
4569
4643
5027
4922
4515
4144
3662
3579
3525
3403
3215
2879
2842
3957
4691
5007
1812
155