0
0
0
0
0
0
0
0
0
0
0
0
0
0
0
0
8671
13768
13493
13694
13816
13749
13534
13705
13484
13512
13603
13461
13464
13621
13516
13481
13514
13221
13240
12879
13433
13039
12895
12955
12585
12268
12074
12175
12311
12326
12580
12704
13001
12796
13102
12938
13168
13249
13477
13171
13378
13410
13712
13426
13512
13394
13442
13587
13572
13523
13614
13463
13660
13819
13712
13642
13383
13724
13328
13832
13528
13791
13771
13785
13593
13841
13656
13738
13776
13623
13621
13581
13607
13622
13709
13831
13786
14008
13765
13450
13810
13675
13641
13723
13745
13861
13645
13773
13712
13762
13940
13623
13730
13665
13606
13773
13679
13541
13389
13482
13537
13400
13444
13543
13552
13259
13346
13284
13120
12830
12893
12561
12636
12587
12577
12654
12750
12904
13152
13392
13273
13335
13389
13502
13626
13600
13736
13470
13626
13653
13479
13824
13736
13698
13830
13978
13700
13726
13894
13969
13670
13752
13692
13837
13855
13862
13950
13639
13823
13809
13807
13742
13784
13943
13714
13831
13841
13836
13962
13995
13907
13851
13742
13767
14008
13695
14050
13548
13752
13743
13835
13875
13721
13476
13768
13683
13718
14080
13816
13643
13935
13633
13689
13690
13792
13644
13657
13925
13571
13540
13584
13547
13706
13548
13390
13211
13410
13044
13019
13234
13228
12997
13315
13547
13607
13634
13577
13789
13570
13676
13679
13634
13782
13747
13797
13764
14174
13821
13840
13896
13857
13757
13923
14055
13834
13803
14026
13731
13925
13731
13729
13869
14071
13787
13906
13881
14032
13819
13944
13863
13928
13935
13902
13736
13763
13866
13646
13844
14124
13733
13629
13657
13570
13958
13436
13887
13682
13643
13468
13523
13038
13300
12982
13305
12963
13090
13346
13286
13514
13543
13881
13665
13606
13606
13826
13934
13671
13747
13917
13838
13757
13831
13937
13802
13780
14002
14030
14054
13824
13976
13936
13904
13916
13908
14082
14025
13981
13881
14047
13902
13712
13894
13974
13643
13967
13852
13789
14074
13949
13970
13845
13972
13874
13936
13718
14019
14050
13863
13844
13977
14003
13667
13927
13852
13979
13821
13813
13929
13736
13688
13814
13777
13828
13844
13675
13793
13678
13621
13843
13447
13592
13360
13356
13423
12958
13009
12621
12812
12572
12591
12978
12894
13130
13141
13356
13318
13611
13610
13586
13800
13580
14016
13740
14004
14090
13908
13951
13921
13802
13810
13881
14173
14054
13696
13953
14010
13876
13872
14069
13974
13978
14022
13904
13897
13857
14247
13926
14038
13911
14157
13889
13767
13917
13807
13873
14060
14186
13908
13597
13861
14057
13952
13981
14103
14030
13928
13924
14219
13926
13954
13841
14018
14036
13950
13963
13751
13693
13933
13595
13637
13703
13563
13806
13497
13662
13511
13433
13403
13153
12899
12921
12530
12674
12606
12394
12450
12459
12818
12809
12995
13328
13120
13551
13655
13390
13652
13861
13895
13898
13645
14076
13966
14000
13823
13965
13779
13880
14028
13958
13927
14024
13842
14353
13831
13919
14152
14031
13814
1174
19
12
21
1
0
0
0
0
0
0
0
0
0
0
0
0
0
0
0
0
0
0
0
0
0
0
0