0
0
0
0
0
0
0
0
0
0
0
0
0
0
0
0
8745
13753
13802
13675
13876
13771
13869
13774
13811
13670
13598
13879
13626
13678
13697
13862
13699
13748
13767
13722
13616
13711
13810
13893
13739
13727
13514
13707
13798
13741
13556
13702
13610
13748
13637
13714
13744
13616
13803
13996
13683
13701
13878
13673
13674
13614
14129
13810
13912
13905
13709
13777
13712
13767
13745
13853
13885
13839
13555
14009
13720
13889
13911
13599
13603
13834
13669
13824
13898
13831
13676
13645
13769
13674
13721
13836
13787
13854
13747
13685
13644
13760
13720
13596
13731
13751
13667
13678
13762
13580
13461
13755
13585
13757
13774
13971
13722
13843
13709
13593
13890
13689
13594
13851
13656
13615
13934
13898
13759
13416
13389
13408
13188
13025
12697
12334
12441
12420
12520
12682
12966
13201
13328
13547
13816
13521
13442
13567
13783
13798
13864
13861
13723
13764
13754
13942
13676
13792
13725
14009
13828
13462
13918
13957
13711
13756
13635
13765
13830
13684
13916
13755
13678
13549
13619
13793
13518
13521
13573
13532
13360
13195
13153
12804
12602
12510
12556
13095
12963
13360
13413
13351
13572
13748
13758
13863
13740
13902
13884
13670
13857
13806
13640
13921
13921
13748
13532
13874
13895
13899
13851
13896
13972
13908
13869
13776
13860
14031
13809
13847
13845
13736
13778
13773
13727
13768
13640
13806
13738
13552
13655
13278
13276
13265
13242
13321
13340
13371
13586
13858
13956
13748
13735
13790
13614
13742
13803
13684
13746
14006
13797
13953
13869
13844
13944
13988
13905
13921
13777
13761
13623
13833
13773
13667
13752
13687
13635
13697
13374
13334
13120
13130
13114
13312
13491
13735
13643
13942
14065
13856
13959
13813
13811
13751
13868
13853
14042
13827
13714
13614
13786
13926
13990
13876
14030
13963
13918
13802
13841
13746
13965
14058
13943
13989
13801
13804
14114
13728
13672
13678
13732
13755
13672
13605
13586
13479
13447
13138
12837
12395
12687
12748
13117
13300
13518
13586
13600
14055
13955
13851
14058
13857
13972
13838
13690
13797
13881
13936
13926
14063
13965
13973
14044
14064
13715
13989
13882
13995
13943
13940
13875
14043
13950
13739
14063
14026
13993
13848
13838
13701
13830
13610
13517
13551
13332
13407
12951
12631
12474
12548
12288
12637
12787
13255
13449
13540
13473
13561
13776
14053
14002
13712
13873
13659
13850
13845
13696
13855
13753
13950
13966
13939
13894
13736
13984
13894
13951
13923
13952
14058
14014
13951
13998
14091
14283
14010
14039
13968
13687
14085
14072
14159
14019
13764
13975
13885
13922
14225
13949
14148
14231
13962
14048
13983
14085
14203
14075
13983
13914
13893
14017
13926
13959
13917
13703
13918
13919
14012
13926
14114
13903
14138
14118
14019
13939
14084
14001
13930
14088
14106
13942
13905
14051
13836
13977
14117
14207
14034
14016
14041
14180
13940
14118
14061
14068
13988
14084
13902
14059
14064
14205
14188
13988
14100
14147
14152
13888
14328
14167
14261
14289
14181
14017
14044
14116
14082
13960
13996
2374
25
10
26
1
0
0
0
0
0
0
0
0
0
0
0
0
0
0
0
0
0
0
0
0
0
0
0