0
0
0
0
0
0
0
0
0
0
0
0
0
0
0
1
8574
13553
13587
13897
13743
13740
13913
13830
13866
13829
13829
13869
13560
13679
13600
13816
13687
13723
13580
13711
13663
13767
13754
13468
13830
14030
13882
13548
13858
13839
13695
13817
13724
13872
13690
13772
13846
13924
13698
13608
13459
13596
13722
13803
13775
13725
13696
13711
13751
13771
13688
13680
13970
13868
13821
13730
13933
13630
13865
13832
13771
13737
13818
13712
13538
13862
13845
13599
13768
13737
13771
13902
13898
13812
13925
13674
13666
13901
13743
13618
13689
13627
13617
13741
13856
13577
13368
13595
13397
13357
13326
13067
12757
12489
12628
12313
12321
12313
12563
12482
13010
12988
13276
13148
13260
13387
13483
13627
13573
13667
13703
13675
13573
13492
13797
13610
13675
13812
13822
13624
13679
13780
13705
13727
13637
13738
13726
13767
13756
13979
13749
13834
13727
13886
13770
13708
13651
13646
13671
13750
13751
13750
13682
13628
13446
13525
13429
13425
13441
13200
12808
12801
12715
12435
12635
13043
12968
13258
13181
13411
13578
13598
13499
13515
13761
13617
13599
13792
13673
13791
13970
13789
13865
13871
13813
13691
13964
13985
13809
13790
13826
13692
13811
14168
14058
13859
13715
13673
13907
13887
13867
13921
13929
13805
13714
13680
13692
13783
14069
13887
13610
13588
13671
13762
13638
13562
13515
13305
13233
13178
13156
13126
13311
13792
13395
13345
13650
13733
13723
13892
13749
13770
14016
13754
13826
14143
13802
13831
13623
14224
13836
13761
13765
13911
13874
14019
13730
13835
13818
13850
13672
13810
13592
13581
14009
13841
13593
13627
13753
13595
13572
13203
13260
13043
13183
13027
13214
13382
13563
13640
13653
13701
13748
13709
13832
13771
14006
13851
13934
13980
13885
13898
13823
13812
13931
13846
14064
13880
13852
13863
13925
13931
13920
13947
13808
13803
13866
13791
13876
13786
13969
13919
13889
13892
13869
14003
13630
13770
13836
13734
13901
13678
13778
13587
13636
13706
13226
13344
12928
12892
12502
12759
12837
13010
13103
13263
13563
13545
13669
13687
13672
13693
13779
13811
14010
13957
13752
13711
13811
13851
14084
13941
13901
13879
13995
14045
13831
13808
14004
13790
13840
13806
13965
13895
13913
14109
13946
13937
13854
13862
13928
13907
13998
13795
13749
13673
13817
13804
13825
13704
13636
13424
13521
13147
13063
12805
12592
12234
12247
12491
12879
12859
13188
13365
13385
13535
13645
13633
13831
13793
13955
14143
13670
14028
13909
13789
13944
14098
13922
13828
13946
13899
14172
14070
13840
14002
14099
14055
14038
14099
13926
13989
14007
13998
13958
13858
13992
14007
13875
13874
14076
13961
13952
13726
13915
13811
13949
14050
13858
14081
13924
14107
14010
14175
14058
14120
13982
13965
14088
13981
14044
14027
14146
14131
13952
14058
13855
14026
13991
14068
13842
14227
14341
13984
14004
14111
13917
13992
13993
13867
14159
14160
14224
14004
14006
14176
14231
14138
14161
14379
13978
14219
13947
14043
14165
14160
14201
14134
1786
15
16
21
1
0
0
0
0
0
0
0
0
0
0
0
0
0
0
0
0
0
0
0
0
0
0
0