0
0
0
0
0
0
0
0
0
0
0
0
0
0
0
0
8911
13986
13803
13940
14164
14022
13918
14034
13996
14004
14027
14000
14074
14005
13880
13898
13855
13936
13816
14062
14179
13932
13909
13963
13930
13974
13951
13776
13998
14106
13724
13983
14043
13948
13845
13880
14057
13918
14104
13897
13979
14074
14054
14030
14086
13893
14028
13987
13900
13994
13909
14068
13849
13921
13686
13743
13937
13877
13682
13672
13642
13478
13259
13106
12914
12663
12730
12456
12417
12387
12649
12810
12977
13435
13523
13513
13517
13603
13669
13638
13855
13717
13789
13768
13705
13989
14056
13575
13838
14020
13993
14235
14066
13944
13897
13931
14018
14057
13998
13849
13982
13979
13924
13980
13962
13785
13686
13961
13964
14104
13926
13971
14012
14095
14139
13882
14048
13987
13847
13848
13860
13875
14086
13839
13974
13943
13596
13783
13784
13503
13574
13473
13266
13144
12891
12907
12779
12852
13199
12947
13113
13266
13420
13763
13585
13839
13960
13809
13878
14011
13720
13908
14008
13986
13954
14030
14171
14007
14098
14056
13931
14047
14023
14291
13953
13864
14031
14252
13970
13987
14118
14047
14148
14343
14138
14134
14092
14156
14206
14156
14051
14213
14021
13824
13981
14265
14048
14057
14018
13975
14015
14117
13937
13887
13949
14058
13849
13951
13972
13808
13860
13769
13636
13306
13329
13447
13253
13270
13499
13651
13727
13718
13929
13944
13919
14011
14058
14037
14170
13959
13917
13957
14039
14086
14034
14038
13978
14110
13984
13940
14138
13953
13989
14110
13980
13981
14193
13914
13967
13881
14131
14007
14070
13960
13977
14073
14138
14112
14049
13786
14115
13796
13907
13754
13495
13261
13161
13394
13475
13273
13280
13470
13599
13770
13974
13818
14148
13849
13785
14072
14128
14054
14037
13961
14086
14067
14405
13988
14058
14125
14110
13918
14265
14036
14083
14211
14445
13961
14149
14366
14155
14233
14150
14092
14024
14095
14274
14242
13822
14136
14190
13983
14140
14142
14002
14083
14068
14249
14123
14268
14148
14071
14168
14025
14239
13812
14010
14092
13928
13729
13739
13535
13555
13482
13321
13082
13000
12863
13006
13186
13362
13462
13666
13961
14016
13827
13931
13722
14298
14225
14295
14400
14344
13962
14080
14407
14022
14110
14313
14135
14051
14412
14200
14214
14187
14378
14109
14220
14156
14028
14167
13991
14232
14063
14256
14306
14351
14189
14239
14036
14276
14193
14146
14098
14045
14156
13984
14046
13977
13802
13947
14023
13824
13991
14196
13819
13653
13734
13666
13719
13285
13451
12915
12806
12465
12508
12639
12823
12904
13136
13419
13765
13641
13834
13966
13965
14043
13905
14138
14139
14100
14130
14310
14155
14345
14064
14203
14412
14150
14320
14211
14276
14365
14214
14311
14310
14303
14147
14170
14206
14445
14362
14269
14437
14084
14312
14272
14256
14200
14481
14495
14457
14189
14441
14247
14146
14389
14334
14383
14116
14473
13926
13959
14219
14276
14385
14171
14241
14473
14531
14201
14258
14091
14209
14439
14426
14643
14002
1386
33
11
22
0
0
0
0
0
0
0
0
0
0
0
0
0
0
0
0
0
0
0
0
0
0
0
0