0
0
0
0
0
0
0
0
0
0
0
0
0
0
0
0
8737
13555
13651
13626
13724
13768
13719
13572
13774
13801
13559
13766
13909
13948
13606
13958
13728
13766
13746
13767
13770
13731
13657
13614
13812
13615
13491
13654
13665
13808
13617
13717
13700
13859
13611
13889
13930
13515
13617
13667
13756
13764
13709
13744
13533
13569
13404
13583
13891
13696
13820
13539
13540
13535
13505
13417
13459
13513
13291
13530
13220
13287
13278
13093
12974
12898
12930
12770
12568
12719
12523
12184
12517
12652
12713
12831
12788
12998
13162
12819
13377
13347
13496
13348
13521
13468
13437
13447
13560
13635
13354
13664
13732
13630
13707
13705
13703
13473
13644
13600
13702
13803
13756
13651
13776
13593
13739
13710
13900
13801
13555
13809
13664
13764
13842
13715
13931
13668
13852
13637
13724
13689
13858
13622
13722
13665
13813
13953
13645
13691
13711
13832
13665
13901
13688
13612
13642
13752
13660
13930
13705
13710
13640
13761
14021
13685
13898
13988
13721
13603
13851
13603
13844
13685
13797
13583
13713
13760
13678
13620
13731
13668
13712
14079
13840
13701
13626
13717
13935
13733
13887
13473
13701
13592
13858
13537
13488
13720
13451
13532
13492
13057
13114
13101
13124
13368
13180
13109
13051
13256
13144
13146
13307
13527
13579
13593
13574
13579
13525
13402
13748
13591
13613
13621
13717
13719
13780
13732
13788
13619
13733
13537
13658
13819
13790
13684
13750
13845
14034
13801
13822
14013
13884
13861
14016
13825
13924
13810
14161
13658
14076
13895
13784
14051
13727
13986
13895
13843
13770
13736
14013
14016
13825
13823
13741
13717
13789
13692
13832
13774
13640
13772
13821
13695
13784
13818
13751
13794
13610
13584
13746
13717
13524
13668
13579
13480
13425
13329
13190
13208
13142
13004
12972
13046
13158
13205
13410
13304
13418
13636
13481
13595
13829
13592
13517
13647
13701
13955
13789
13777
13946
14064
13669
13738
13708
13833
13790
13813
13862
14012
13899
13814
13877
13913
13954
13797
13956
14052
14206
13856
13968
14124
13763
13883
13986
13926
13926
14109
13879
13892
13842
13842
13816
14061
14036
13993
13764
13950
13716
13974
13993
13762
13831
14080
14016
14018
13818
13849
13941
13907
13855
13942
13933
13889
14008
13869
13932
13789
13807
13919
14134
14048
14078
13870
13895
13893
13920
14075
14018
13939
14017
13722
13990
14016
13625
13898
13852
13864
13744
13440
13530
13721
13497
13607
13632
13632
13517
13444
13489
13284
13273
13108
12788
13025
12820
12577
12678
12672
12624
12635
12835
12874
13276
13144
13194
13391
13255
13664
13623
13851
13726
13641
13944
13792
13716
13925
13841
13816
13822
13827
14082
13794
13875
13972
13993
13781
13972
13835
13996
14112
13938
13993
14061
14036
13912
14071
13948
13966
14016
14116
13931
14128
13890
14097
14008
14126
13882
13956
14188
14020
14059
14028
14055
14076
14207
14029
13762
13780
14029
13949
14351
14188
14152
14193
13952
13971
14003
14084
14225
14095
14108
13955
14115
13844
14141
14141
13949
13212
1022
26
16
16
0
0
0
0
0
0
0
0
0
0
0
0
0
0
0
0
0
0
0
0
0
0
0
0